cam0:
  cam_overlaps: []
  camera_model: pinhole
  distortion_coeffs: [-0.1255945656257394, 0.053221287232781606, 9.94070021080493e-05,
    9.550660927242349e-05]
  distortion_model: radtan
  intrinsics: [543.3327734182214, 542.398772982566, 489.02536042247897, 305.38727712002805]
  resolution: [968, 608]
  rostopic: /camera/image_raw
