cam0:
  T_cam_imu:
  - [-0.9993722142403839, 0.009015607185121647, 0.034262169098799616, -0.016780437426353788]
  - [-0.03437488851396028, -0.012659747009765032, -0.9993288236838265, -0.029657550728147596]
  - [-0.008575805730306488, -0.999879217522162, 0.012961709892746132, -0.17493949845924564]
  - [0.0, 0.0, 0.0, 1.0]
  T_imu_cam:
  - [-0.99937221, -0.03437489, -0.00857581, -0.01928963]
  - [ 0.00901561, -0.01265975, -0.99987922, -0.17514254]
  - [ 0.03426217, -0.99932882,  0.01296171, -0.0267952 ]
  - [ 0.,          0.,          0.,          1.        ]
  cam_overlaps: []
  camera_model: pinhole
  distortion_coeffs: [-0.1255945656257394, 0.053221287232781606, 9.94070021080493e-05,
    9.550660927242349e-05]
  distortion_model: radtan
  intrinsics: [543.3327734182214, 542.398772982566, 489.02536042247897, 305.38727712002805]
  resolution: [968, 608]
  rostopic: /camera/image_raw
  timeshift_cam_imu: -0.053694112369382575
